298
464
685
215
387
386
184
578
117
797
406
429
 29
 37
864
646
256
634
286
480
222
709
438
712
667
786
625
 14
155
615
675
442
711
842
747
368
264
 56
838
187
876
129
460
728
817
130
428
157
132
 93
154
 38
875
677
381
224
531
 75
879
655
191
201
729
400
 92
865
641
858
395
698
227
588
767
827
780
124
534
167
521
583
343
318
355
597
111
653
544
266
  5
826
353
324
356
247
107
312
850
276
697
441
715
202
 74
225
542
252
631
456
335
174
272
 22
408
 25
105
200
840
120
 66
814
348
278
454
645
572
874
360
436
255
153
 27
706
781
736
270
404
472
432
695
639
738
664
843
742
305
320
589
619
499
661
128
488
207
240
779
660
313
761
684
115
412
809
704
873
279
101
244
367
237
330
788
787
151
632
414
836
457
680
839
 77
458
300
885
294
331
346
606
727
467
689
898
773
725
718
235
702
640
479
173
402
311
656
 57
251
 88
122
869
 98
760
288
229
812
 54
485
134
581
287
733
100
676
204
274
329
810
390
590
487
596
503
758
830
112
 95
401
686
214
871
627
533
 21
332
768
116
422
411
765
 52
663
230
  1
 60
449
805
 67
443
 31
629
 76
140
750
306
665
415
310
181
354
514
455
136
672
696
726
371
755
714
507
238
535
106
573
 63
570
139
562
847
636
890
545
804
366
257
607
621
497
620
182
705
435
654
375
778
880
757
509
143
144
 73
862
333
208
764
593
 50
350
242
482
399
150
783
884
618
569
314
364
194
557
418
 70
196
861
108
855
 90
289
592
440
 26
813
284
568
175
833
828
668
351
260
125
739
304
513
806
579
517
216
307
651
643
687
168
870
561
586
197
555
662
131
585
622
608
638
121
491
587
659
 32
285
  2
433
681
604
796
391
614
671
110
744
703
477
137
844
851
365
233
 15
103
832
328
613
341
 58
822
741
831
241
820
888
878
682
732
895
554
337
730
 33
172
 40
567
249
794
691
801
609
494
217
369
420
218
484
 10
753
771
 12
735
 82
799
889
605
349
302
376
434
500
431
537
772
800
790
147
849
228
719
658
 39
 28
426
550
881
 18
700
598
463
269
816
868
203
291
498
857
192
210
749
819
501
777
382
538
762
853
275
549
193
452
883
506
268
737
427
469
 71
  9
236
211
444
 72
707
 97
899
648
511
565
267
425
756
258
326
212
789
423
113
717
  7
198
 68
752
795
243
370
673
481
372
803
417
486
571
751
280
345
720
576
183
525
893
445
220
602
358
188
165
852
766
633
516
340
471
290
315
710
377
886
811
126
 45
510
392
882
186
102
 30
141
628
722
  8
867
745
292
584
518
595
716
492
 48
336
560
316
582
713
170
439
 42
556
234
837
701
448
160
145
 99
405
834
437
226
543
 51
541
 87
 89
 85
770
  4
470
231
409
263
135
829
421
476
162
334
127
647
450
536
213
594
265
784
546
 86
 17
 59
393
327
763
282
600
519
138
502
897
 96
 35
 20
171
900
468
451
416
357
325
394
527
152
690
815
164
262
 83
142
374
319
524
708
277
678
759
379
530
649
397
461
769
683
860
746
892
559
322
694
528
623
748
403
297
823
 55
205
 36
877
887
317
473
195
650
782
246
564
617
177
548
599
693
504
361
179
808
670
807
529
512
299
199
363
496
846
774
388
347
635
254
724
612
626
413
146
 62
342
 79
 64
505
776
 19
490
 65
825
407
575
109
253
 44
169
526
 23
430
475
 49
854
624
522
644
515
410
248
281
792
118
189
848
219
 46
166
859
114
462
566
384
223
553
616
679
642
723
 84
495
474
754
209
459
185
547
466
802
601
896
610
389
493
161
551
221
465
232
 41
  6
669
824
309
539
133
591
577
362
339
 81
891
483
743
894
532
508
 53
396
 47
296
692
385
308
123
666
856
688
699
190
520
283
775
104
611
818
178
558
344
239
845
 16
 43
 13
271
 69
453
793
352
156
821
523
380
740
489
835
180
872
734
424
785
259
657
148
637
398
338
540
731
563
841
580
 94
652
 34
158
 80
630
176
303
206
245
119
 61
378
574
 11
447
250
149
863
159
321
295
261
 78
674
446
383
798
791
  3
 91
273
552
359
293
301
721
 24
478
419
373
866
163
323
603